1,980 1 150
1,480 15 15
1,670 150 8
1,290 150 150 
1,640 230 188
1,443 180 87
1,807 122 88
1,480 32 5
1,990 150 150
1,788 150 150
1,298 150 156
1,788 199 15
1,460 22 10
1,477 29 14
1,396 29 40
1,550 79 27
1,333 249 87
1,880 80 8
1,558 96 48
1,780 299 8
1,474 89 150
1,473 28 13
1,511 190 90
1,688 150 231
1,340 290 122
1,390 290 280
1,680 300 28
1,702 252 150
1,529 134 65
1,480 89 12
1,678 150 150
1,980 150 150
1,477 211 170
1,400 154 98
1,552 150 296
1,627 150 103
1,207 31 15
1,330 23 13
1,563 30 13
1,450 25 13
1,550 26 12
1,809 150 150
1,811 113 21
1,767 88 18
1,420 13 5
1,466 58 8
1,533 100 150
1,340 189 99
1,358 30 9
1,445 99 35
2,150 988 150
2,150 999 150
2,150 989 150
2,150 976 150
2,150 888 150
2,150 690 150
2,150 334 150
2,150 886 150
2,150 768 48
2,150 966 233
2,3 440 178
2,18 590 35
2,8 770 28
2,1 559 38
2,89 503 88
2,23 860 38
2,150 150 84
2,150 150 68
2,150 150 2
2,203 150 10
2,89 744 200
2,3 607 144
2,8 708 188
2,63 490 248
2,34 879 231
2,12 381 88
2,48 789 54
2,61 309 18
2,64 528 121
2,25 607 430
2,24 800 387
2,79 384 203
2,120 909 22
2,180 800 29
2,166 368 14
2,150 445 43
2,230 360 113
2,142 458 4
2,29 889 409
2,223 554 65
2,67 933 130
2,180 536 68
2,32 833 79
2,48 661 150
2,99 429 8
2,66 884 18
2,150 455 112
2,150 776 177
2,150 473 133
2,5 346 201
3,150 150 988
3,150 150 999
3,150 150 989
3,150 150 976
3,150 150 888
3,150 150 690
3,150 150 334
3,150 150 886
3,150 48 768
3,150 233 966
3,3 178 440
3,18 35 590
3,8 28 770
3,1 38 559
3,89 88 503
3,23 38 860
3,150 84 150
3,150 68 150
3,150 2 150
3,203 10 150
3,89 200 744
3,3 144 607
3,8 188 708
3,63 248 490
3,34 231 879
3,12 88 381
3,48 54 789
3,61 18 309
3,64 121 528
3,25 430 607
3,24 387 800
3,79 203 384
3,120 22 909
3,180 29 800
3,166 14 368
3,150 43 445
3,230 113 360
3,142 4 458
3,29 409 889
3,223 65 554
3,67 130 933
3,180 68 536
3,32 79 833
3,48 150 661
3,99 8 429
3,66 18 884
3,150 112 455
3,150 177 776
3,150 133 473
3,5 201 346